# This file may be used to create an environment using:
# $ conda create --name <env> --file <this file>
# platform: win-64
# created-by: conda 24.11.2
_libavif_api=1.2.1=h57928b3_2
aom=3.9.1=he0c23c2_0
bzip2=1.0.8=h2466b09_7
ca-certificates=2025.4.26=h4c7d964_0
cairo=1.18.4=h5782bbf_0
dav1d=1.2.1=hcfcfb64_0
font-ttf-dejavu-sans-mono=2.37=hab24e00_0
font-ttf-inconsolata=3.000=h77eed37_0
font-ttf-source-code-pro=2.038=h77eed37_0
font-ttf-ubuntu=0.83=h77eed37_3
fontconfig=2.15.0=h765892d_1
fonts-conda-ecosystem=1=0
fonts-conda-forge=1=0
freetype=2.13.3=h57928b3_1
graphite2=1.3.13=h63175ca_1003
harfbuzz=11.1.0=h8796e6f_0
icu=75.1=he0c23c2_0
lerc=4.0.0=h6470a55_1
libavif16=1.2.1=hb57027a_2
libdeflate=1.23=h76ddb4d_0
libexpat=2.7.0=he0c23c2_0
libffi=3.4.6=h537db12_1
libflac=1.4.3=h63175ca_0
libfreetype=2.13.3=h57928b3_1
libfreetype6=2.13.3=h0b5ce68_1
libglib=2.84.1=hbc94333_1
libiconv=1.18=h135ad9c_1
libintl=0.22.5=h5728263_3
libjpeg-turbo=3.1.0=h2466b09_0
liblzma=5.8.1=h2466b09_0
libmad=0.15.1b=hcfcfb64_1001
libogg=1.3.5=h2466b09_1
libpng=1.6.47=h7a4582a_0
libsqlite=3.49.1=h67fdade_2
libtiff=4.7.0=h797046b_4
libusb=1.0.28=h2466b09_0
libvorbis=1.3.7=h0e60522_0
libwebp-base=1.5.0=h3b0e114_0
libzlib=1.3.1=h2466b09_2
mpg123=1.32.9=h01009b0_0
openssl=3.5.0=ha4e3fda_1
pcre2=10.45=h99c9b8b_0
pip=25.1.1=pyh8b19718_0
pixman=0.46.0=had0cd8c_0
portmidi=2.0.4=h63175ca_2
pygame=2.6.1=py310hea55160_0
python=3.10.17=h8c5b53a_0_cpython
python_abi=3.10=7_cp310
rav1e=0.6.6=h975169c_2
sdl2=2.32.54=he0c23c2_0
sdl2_image=2.8.2=h5ca362a_1
sdl2_mixer=2.6.3=he8f0768_1
sdl2_ttf=2.24.0=hd2a6e60_1
sdl3=3.2.10=he0c23c2_1
setuptools=80.1.0=pyhff2d567_0
svt-av1=3.0.2=he0c23c2_0
tk=8.6.13=h5226925_1
tzdata=2025b=h78e105d_0
ucrt=10.0.22621.0=h57928b3_1
vc=14.3=h2b53caa_26
vc14_runtime=14.42.34438=hfd919c2_26
vs2015_runtime=14.42.34438=h7142326_26
wheel=0.45.1=pyhd8ed1ab_1
zstd=1.5.7=hbeecb71_2
